  50.9563362  207.8183790  828.8122013  159.6711177
 129.9312691   92.3918108  385.1679986  556.7679220
 211.5822686  180.9635641  385.1679986  556.7679220
  52.0506235  230.9058488  834.4651570  197.8202304
  55.6092532  138.2957592  830.3878739   44.7249245
 186.9251531  106.8677970  385.1679986  556.7679220
 195.6198103  190.1881199  288.7814459  190.3322755
 196.2234586   49.0160274   85.3095885  399.7107090
 196.2234586   49.0160274   85.3095885  399.7107090
  15.1806469  265.2974990  774.7730875  256.4846934
  57.6628899  244.7810915  845.6627619  221.2597491
  58.6529892  219.6085484  846.1838950  179.2638366
  60.4376593  179.7300195  845.3821836  112.9469750
  93.2458199  182.2850145  225.5149557  258.4762414
  42.9810715  145.6684309  477.2286441  347.1572219
  61.2001910  138.2604231  842.9347936   44.3048452
 157.4253829  222.6528123  107.6877669  376.6586344
 161.1859452   52.1337980   61.6047945  311.9945757
 164.9757069  185.6497692  357.4360628  441.0758272
 144.0394571  282.9625057  994.2048648  274.6610493
  31.3426228  195.6669989  790.8368061  139.9580607
  62.4609891  193.7458507  853.7181602  137.0323333
  66.9177162  205.0581365  859.1604139  152.8664939
  74.3784936  167.9936722  867.7309848   92.4744579
  81.6342605  220.2739475  882.8738277  178.0961482
  82.1485283  205.2730455  881.7557076  154.4648879
  99.5772375  287.0471838  606.7304446  319.5605582
 104.4931498  112.7996776  471.9538150  115.4572229
 103.7250035  183.4220009  914.4053554  115.8692169
 104.3894540  196.7886237  916.8158300  140.3582787
 204.2275162  172.3729016  288.7814459  190.3322755
 221.9032391  142.5387606  439.0155966  259.5749293
  20.6121238  219.7449794  774.6475167  179.6438144
  28.5153890  206.3931425  784.1583442  157.6167891
  35.1197113  219.7298892  795.9786085  181.7901714
  50.4391736  194.4693265  825.7742753  137.7673502
  56.5572437  231.1896219  843.1577630  198.8831949
  71.3847982  193.0467287  864.0104310  135.2998298
  82.4050376  180.8078628  881.5237820  112.4758010
  93.7197915  189.1673367  900.2418289  127.7095097
  97.5046594  206.9653778  907.3947433  156.9898753
  97.5046594  206.9653778  907.3947433  156.9898753
 104.1970634  220.5390144  918.9105899  180.1737065
 123.0916337  125.5977503  995.6873550  256.5359547
 210.1233721  162.8540984  478.6884399   43.6375884
  51.5765589  244.0388020  832.9829092  219.1239969
  51.5765589  244.0388020  832.9829092  219.1239969
  27.8690641  220.1869407  784.9268426  180.3288336
  27.8690641  220.1869407  784.9268426  180.3288336
  41.0771252  185.2497938  803.6392429  122.8049016
  53.7237577  132.3991859  827.1137899   35.2687987
  59.5303581  239.5909773  848.7008696  212.5462312
  68.6052165  198.9090647  860.8442690  144.4377149
  77.2898390  185.3480136  873.8766059  119.6926129
  77.2898390  185.3480136  873.8766059  119.6926129
  87.8059622  184.9239284  889.7615247  118.6249641
  87.8059622  184.9239284  889.7615247  118.6249641
  97.1236687  221.0327344  907.3420353  179.8807893
  98.6231196  194.3027363  907.0637497  135.1840404
  98.6231196  194.3027363  907.0637497  135.1840404
  56.6420478  197.9994699  839.3190911  143.1795820
  66.1976041  187.8697697  856.2297096  126.0935128
  87.3473800  199.5005913  889.4787131  145.2503609
  87.3473800  199.5005913  889.4787131  145.2503609
 148.7152609  177.8794445  991.7301190   96.7492325
  37.3300265  203.5783118  798.8981816  152.3694089
  63.0786490  226.0866868  855.5223416  189.4839163
  73.9303235  201.1900970  869.8387582  147.5499839
  77.7388294  226.6950456  879.1813461  188.9114546
  84.6526891  213.0025111  888.2731077  165.7429782
  84.6526891  213.0025111  888.2731077  165.7429782
  97.7499161  213.1000655  908.8196913  166.7738323
  97.7499161  213.1000655  908.8196913  166.7738323
  86.4542644  239.3778312  256.8333499  382.9384443
 109.6618572  229.0489867  928.3180295  192.9901976
  61.3318154  170.3951556  847.6288573   97.3780954
 111.2866332  205.9733138  928.3767396  155.7770420
