 112.4553454   49.8046542  373.0794837  274.5739578
 129.9312691   92.3918108  422.3730062  455.9370340
 147.8222482  118.8870517  308.2180724  679.8800129
 185.5843297   86.9599496  365.1979596  332.5196208
 186.9251531  106.8677970  422.3730062  455.9370340
 197.4408607  186.6658953  223.7026338  505.0117972
 199.7751992  182.9960210  276.4854809  621.6407634
 202.3164934  178.5011852  223.7026338  505.0117972
 238.0513823  277.5586527  345.1731664  350.5546484
 245.3446742   77.6469230  276.0656347  597.3248294
 143.3596442   96.9816111  194.9311649  220.0739441
 185.5546143   87.1572656  365.1979596  332.5196208
 189.9321509  279.1268357  335.8027051  311.4794992
 202.5145270  248.2375310  355.9270259  295.0757199
 220.5221222  237.9307816  194.9311649  220.0739441
 231.3289230  289.7162905  355.9270259  295.0757199
  68.3868115   66.9186193   92.0701336   91.8966562
  83.4085305  216.8583330  295.5053024  359.2724507
 164.9757069  185.6497692  357.0315193  324.9007105
 200.9045268   52.3404049  448.9551998  467.3259994
  34.7119083  115.9928655  401.6849679  277.7071815
 158.6035245   58.3475254  339.9920380  350.3094823
 167.2038962  211.8388570  448.9551998  467.3259994
 128.3903056   98.9991594  470.2639378  375.4456161
 178.1437832  195.8881249  448.9551998  467.3259994
 178.7575976   91.1477979  357.4606771  305.7470169
 185.7734789  181.2623828  448.9551998  467.3259994
 188.0339686  175.9837704  448.9551998  467.3259994
 218.4917702  261.3467468  878.3219444  367.6226938
  42.9637775  284.8227770  385.1355846  357.4473222
 221.9032391  142.5387606  276.4854809  621.6407634
  39.4749129   81.8885194  298.4715276  287.9610607
 104.1970634  220.5390144  321.7654796  359.3698875
 155.6819969  287.6497904  342.7778117  396.9292258
 230.0647311  271.6211532  381.0088443  394.3782362
 235.7682560  109.9124160  276.4854809  621.6407634
 107.3561581   37.7841414  331.1276945  266.9720425
 220.5246497   55.0622496  385.2833193  282.4440345
 169.6218883  164.1772023  357.0315193  324.9007105
 170.7519058  156.0794895  357.0315193  324.9007105
 202.5409638  253.8487538  255.3025251  454.2546723
 102.4044402  119.6378591  725.7203292   77.2301964
 222.2429246   62.7176080  385.6705839  287.1273814
 225.4453044   33.4426831  388.0646412  270.4235317
  31.1219588   85.7209890  294.2136650  288.7424365
 114.8926271   29.8370518  335.5551740  263.1120490
 129.6320717   56.8676865  342.0155917  277.4552668
 181.9314090  262.2613536  358.6514130  386.5039268
 147.0757551  127.5127113  345.8879819  315.6238107
 173.2140892  231.0847176  359.2876344  370.2023641
  80.4378572   91.9718095  315.0576595  293.5348589
 109.6618572  229.0489867  324.1847596  364.7571032
 117.6829815   41.7131157  336.1047644  269.0059737
 147.0697763  278.9200439  339.1024027  392.3300324
 169.5882267  104.3509924  357.4606771  305.7470169
  92.0367945  254.7736959  830.3378171  392.9708990
 136.7983946   89.8523669  342.3143287  295.0501442
 158.6101030   74.5003028  354.3541413  288.3212783
 132.9279113  129.1537016  338.6297901  315.7377918
 116.0587548  116.3681901  331.1790814  307.9782285
 187.1796665  226.2445759  359.2876344  370.2023641
 103.1594977  138.9713560  325.0610123  319.1049472
 138.6782672  159.7419404  339.4223963  334.2008940
