  87.7668051  179.5693896  384.8123640  288.6618409
 136.7603054  118.1169836  409.6867414  272.9854509
 144.9025264  193.6430421  448.8100323  322.0032305
 177.4647955  124.9480530  487.0087296  241.8891801
 202.8523305   58.2802894   47.1155078  370.1544011
 202.8523305   58.2802894   47.1155078  370.1544011
 211.5822686  180.9635641  680.3482448  281.7097807
 239.1868539   26.0923910  283.8802904  187.8390741
 240.6695721  232.3858778  514.1838099  344.4257270
 243.6902079  278.3022631  449.0522097  229.4181667
  78.1913095  179.6249037  376.0278029  287.5047849
 132.0691811   95.1021323  300.9599209  326.4504982
 185.5843297   86.9599496  458.2317010  197.8485379
 215.8326085  280.2634963  488.7455058  395.3504708
 215.8326085  280.2634963  488.7455058  395.3504708
 225.5906940   54.0178324  496.5634318  163.6470380
 226.1067753  243.6069607  532.0634743  178.2258949
 227.1406240  283.5766178  500.4108875  398.0519270
 238.0390440  288.6503347  514.1722423  403.1201562
 244.2329325  273.2236630  523.1340860  369.0062008
 245.3446742   77.6469230  512.6904624  184.0632070
  15.1806469  265.2974990  345.6018624  373.3362284
  71.4385420  179.8616269  369.0287363  287.2471589
  93.2458199  182.2850145  390.5353057  291.5380324
 143.3596442   96.9816111  491.2950933  352.9571858
 166.2768412  152.3653216  439.4099702  301.9236339
 185.5546143   87.1572656  458.2317010  197.8485379
 189.9321509  279.1268357  461.4760364  394.1426872
 189.9321509  279.1268357  461.4760364  394.1426872
 202.5145270  248.2375310  474.9244820  362.5489016
 202.5145270  248.2375310  474.9244820  362.5489016
 220.5221222  237.9307816  491.2950933  352.9571858
 230.5451004  282.6811823  497.4178303  130.6765665
 231.3289230  289.7162905  505.8208593  404.4246588
 106.4085509   28.0695870  163.8528491  230.3986932
 180.8715960  283.8356001  452.7899981  399.1027973
 200.9045268   52.3404049  474.9840902  147.8158729
 206.8103869  284.2370177  452.7899981  399.1027973
 219.2547896  275.5909751  491.8110367  390.9480797
 223.4067722  284.0590418  497.0457116  398.3183875
 226.5190311   65.6792746  480.9425110  135.8745712
 230.9203569  142.3404732  589.2150612  413.7159984
 237.1699703   61.9440506  474.9840902  147.8158729
 241.1098145  270.3731628  518.1361962  364.7573443
 242.0075596  250.9469479  518.1361962  364.7573443
  28.5508758  212.2886990  392.0752747  322.1795579
  79.6029865   27.6253231  684.0226772  338.9356652
  80.9345402  235.5346991  374.3781073  340.6013165
  97.9491606  213.2610785  392.0752747  322.1795579
 142.3985204  275.0393687  430.1299517  385.9692805
 148.2489598  275.2512080  435.2973997  386.0297988
 177.1198289  275.2391002  449.5456921  390.2595837
 203.7924969  252.5774191  103.1887880  439.5978357
 206.3790254  274.7123018  480.5331496  389.4054139
 213.1472115  234.0480206  860.4392413  120.4604496
 240.5749693  284.9014847  518.2158489  372.0224079
 246.0526193   29.5975095  485.9413158  284.0865913
  72.1959199  206.3459917  367.3640744  313.3016455
  90.2145137  234.5124861  383.5084289  340.4458632
  91.9292079   80.2042890  395.5351989  190.4109378
  98.2056006  184.6385692  395.2386032  294.0983244
  98.2056006  184.6385692  395.2386032  294.0983244
 144.0394571  282.9625057  431.5245357  393.2149175
 151.3390069  283.1121336  437.8480826  394.1033998
 178.1437832  195.8881249  834.1624398  493.3690981
 186.4766214  283.0220984  457.9273665  398.2515229
 187.0338024  275.1263798  458.0190448  390.6677532
 218.1760026   63.8737275  488.5510050  172.9826046
 218.4917702  261.3467468  490.1500395  376.2313312
 239.8741523  293.9021192  518.5599495  407.6012014
  50.9359489  180.1615398  354.1029833   34.6437974
  74.3784936  167.9936722  372.9303375  276.1361651
  74.3784936  167.9936722  372.9303375  276.1361651
  81.6342605  220.2739475  375.8294082  326.0818307
  82.1937631  194.8685312  378.5004599  302.5297055
  82.1937631  194.8685312  378.5004599  302.5297055
  82.1485283  205.2730455  377.9485074  312.1885721
  84.9744362  231.9105352  378.4934280  337.5345982
  85.4882379  245.2222370  378.4934280  337.5345982
  90.3600531  220.4870739  384.6419777  327.2313582
  90.9096284   33.3144111  400.0430230  144.6789462
  93.1904410  182.5854131  390.5353057  291.5380324
  93.0811638  196.5629981  388.7521024  305.6986062
  93.0811638  196.5629981  388.7521024  305.6986062
  97.1520574  232.9654145  389.9196054  340.5864748
 103.7250035  183.4220009  400.5821146  293.1771071
 104.3894540  196.7886237  399.8124002  307.1614465
 104.3894540  196.7886237  399.8124002  307.1614465
 165.7909363  140.9547366  439.4099702  301.9236339
 168.3628929  247.4718115  474.9244820  362.5489016
 168.3628929  247.4718115  474.9244820  362.5489016
 181.4567601  278.8967444  453.6159664  394.3925078
 218.7175204  255.6393780  490.3483608  370.5241506
 218.7175204  255.6393780  490.3483608  370.5241506
  20.6121238  219.7449794  346.4421027  330.0580686
  20.6121238  219.7449794  346.4421027  330.0580686
  71.3847982  193.0467287  368.1958257  299.8822594
  82.4050376  180.8078628  379.8261519  289.2863941
  93.7197915  189.1673367  390.1257738  298.4638987
  97.5046594  206.9653778  392.3283889  316.2463735
 104.1970634  220.5390144  397.4035527  330.5241672
 123.7675951   50.1331277  423.9485233  160.8305206
 123.7675951   50.1331277  423.9485233  160.8305206
 147.1825512  287.9801200  434.1612265  398.8144255
 155.6829197  175.5081093  431.8259706  302.0730248
 181.8638612  271.5933883  453.8594335  386.1402382
 189.1021330  267.9084129  460.4716573  382.7953950
 189.1021330  267.9084129  460.4716573  382.7953950
 203.1055442  260.7449867  476.2849488  375.3266767
 219.9470627  288.1571436  493.5478574  403.1499288
 230.0647311  271.6211532  504.0922121  385.8447783
  73.2635097   62.4372537  380.2418695  174.8221837
 103.4362421  187.8994049  399.4899703  299.7115831
 174.2127555  248.5555185  446.8526806  362.3130741
 197.0519009  286.9358804  470.4446803  401.4283726
 198.1700298  271.8305890  470.6497400  387.2542135
 207.0220632  249.3668651  479.8160756  363.1223287
 218.5031807  268.9971708  490.5504424  383.5529123
 228.5056993  286.8185916  502.9145697  401.3346133
 228.5056993  286.8185916  502.9145697  401.3346133
  55.8155774  224.3738377  361.9268934  331.4668276
  68.6052165  198.9090647  365.2926647  305.3900361
  70.8383627  237.2883061  391.3566889  346.5944401
  77.2898390  185.3480136  374.2326170  292.8632795
  77.2898390  185.3480136  374.2326170  292.8632795
  87.8059622  184.9239284  384.6196575  293.8079789
  87.8059622  184.9239284  384.6196575  293.8079789
  98.6231196  194.3027363  394.2894845  304.1449309
  99.2855085  239.0116613  391.3566889  346.5944401
 126.9123241   25.3272335  231.0410709  354.4386957
 205.8263575  242.4341692  478.2317824  356.8436856
 226.6561448  264.9933961  497.2897338  376.7421714
 226.6561448  264.9933961  497.2897338  376.7421714
  75.4782336  175.2323266  373.5196706  283.2576805
 102.4044402  119.6378591  400.2874984  230.1613177
 161.4271991  183.9945353  436.2318770  299.1119419
 174.5727518   57.8048407  453.7382474  166.2788082
 195.8146056  263.5922364  467.6649583  377.3459181
 209.2330154  264.0502327  483.2373648  378.0551066
 209.2330154  264.0502327  483.2373648  378.0551066
 222.2429246   62.7176080  493.0644656  171.4401867
 225.5919470  278.2646013  498.4323456  393.5291671
 225.5919470  278.2646013  498.4323456  393.5291671
  84.6526891  213.0025111  379.8450403  319.6062548
 181.9314090  262.2613536  453.7518649  377.2672554
 197.9246175  243.0308950  468.3570300  358.4517026
 225.0264101  262.4430938  497.2897338  376.7421714
 225.0264101  262.4430938  497.2897338  376.7421714
  86.4542644  239.3778312  379.7560600  345.1388865
 147.0697763  278.9200439  432.9711055  389.8926059
 189.3635356  278.7850682  461.4697062  394.0286272
 189.3635356  278.7850682  461.4697062  394.0286272
 111.2866332  205.9733138  404.7151859  317.3350152
 108.6719857   60.5388780  407.3612932  166.4393401
 187.1796665  226.2445759  458.1710671  340.7784815
