  22.4585370  114.3829050  522.1925041  320.6717133
  28.4899582  215.8869330  437.7045810  441.3894961
  87.7668051  179.5693896  459.5099792  380.5303816
  97.8900665  216.9329067  437.7045810  441.3894961
 112.4553454   49.8046542  392.6970110  287.3524953
 166.7050010  112.5796902  215.3505323  558.4970331
 239.1868539   26.0923910  558.1929112  407.6297450
  44.8809127  229.5155507  460.8543882  444.9364731
  48.7074293  108.6941210  391.4476658  360.8599467
  52.0506235  230.9058488  467.0129020  434.7036285
  55.6092532  138.2957592  414.6447928  374.7317605
 185.5843297   86.9599496  458.3225927  269.1085192
 186.9251531  106.8677970  717.2596821  704.5596447
 196.2234586   49.0160274   83.5001254  404.6958011
 196.2234586   49.0160274   83.5001254  404.6958011
 215.8326085  280.2634963  574.8551194  387.4346785
 215.8326085  280.2634963  574.8551194  387.4346785
 238.0390440  288.6503347  593.7603082  383.6335335
 239.2925476  267.1107623  573.8894450  355.2186708
 240.1203176  248.0870050  573.8894450  355.2186708
 245.3446742   77.6469230  508.2171097  293.3522290
  42.7846673  220.8242914  450.3149764  435.5338125
  43.7714457  206.1679147  443.1756634  426.1793392
  52.2263752  203.6785385  450.7194949  418.1247724
  57.6628899  244.7810915  479.8801422  439.5431481
  58.6529892  219.6085484  465.4604044  423.2774348
  60.4376593  179.7300195  442.9789810  397.5066833
  71.4385420  179.8616269  450.1443811  391.0992243
  93.2458199  182.2850145  464.7901496  378.2370154
 125.9429994   39.2196055  394.5932022  275.8911846
 125.9429994   39.2196055  394.5932022  275.8911846
 157.0706172  152.4499929  823.1857561  318.1824364
 167.3746061  259.1519447  487.0255914  432.0345512
 176.7110403  243.2152633  554.4910577  392.1421556
 185.5546143   87.1572656  458.3225927  269.1085192
 206.9685941  255.1055433  556.1032048  375.2402119
 212.6189571   64.7148730  347.3471799   61.9972559
 220.5221222  237.9307816  328.4115179  491.9392681
 243.0775027  289.3551666  597.5287627  380.7893080
  45.0183319  180.0579957  428.6754114  408.8391037
  53.6650048  233.8239479  470.3350609  435.4662560
  54.0570932  207.3434917  454.7007408  418.8904540
  54.0570932  207.3434917  454.7007408  418.8904540
 102.4895415   34.1155973  757.7861581  557.9301220
 102.4095426   38.5579026   54.4925970  328.6755370
 107.4549047  245.3547718  151.5932149  138.3454303
 162.9939558  110.5358802  501.3052415  382.7337598
 167.4240229  274.8900658  575.2931611  383.5449812
 185.1134372  181.5012967  351.8424822  308.6494489
 231.4545445   45.5092638  426.9762825  231.6669037
 241.1098145  270.3731628  576.7858446  355.7389431
  46.6520774  242.2317961   52.7294601  333.6799557
  47.4863777  208.6163189  449.1545985  423.7005549
  47.4863777  208.6163189  449.1545985  423.7005549
  67.3120437   29.3468073  219.8457590  689.7035043
  74.3179725   27.6138516  356.9522962  297.9178820
  80.9345402  235.5346991  489.2500902  419.8211260
  97.9491606  213.2610785  435.9498947  438.8984673
 212.8560210  275.8569299  571.0780594  386.5775005
 217.7047905  283.7275722  578.6198897  389.4933656
 240.5749693  284.9014847  593.5781746  380.2218912
  25.8729558   93.7209151  371.1695030  365.6669545
  33.9307457  191.6685787  427.7414275  422.9245544
  33.9307457  191.6685787  427.7414275  422.9245544
  46.2121826  106.1159397  295.1726591  552.4292229
  46.2121826  106.1159397  295.1726591  552.4292229
  72.1959199  206.3459917  466.3717931  407.1896858
  90.2145137  234.5124861  494.4300514  413.5464267
  91.9292079   80.2042890  403.2407170  315.1381716
 110.9586410   32.1610817  380.1837799  279.0158602
 119.0069096   29.2429506  382.9805805  273.8104429
 128.3903056   98.9991594  434.6870773  307.3962645
 140.5995334  114.5408684  434.6870773  307.3962645
 162.1332589  104.4743427  457.1275878  294.4314519
 177.6220169  283.2742319  435.0015679  298.4590833
 178.7575976   91.1477979  457.5113993  275.9985073
 212.9728382  282.9643381  575.8942728  391.7689609
 218.4917702  261.3467468  567.0271744  374.6707661
 239.8741523  293.9021192  597.7657675  386.6289587
  31.3426228  195.6669989  427.8106551  426.9689116
  42.9637775  284.8227770  484.9821481  476.8459378
  44.7728665  254.7489171  470.4833113  456.2348040
  46.3088351   99.8830738  386.2007920  356.3729150
  62.4609891  193.7458507  452.5785174  405.0865813
  66.9177162  205.0581365  462.2563464  409.1736632
  74.3784936  167.9936722  444.6068329  381.7116529
  74.3784936  167.9936722  444.6068329  381.7116529
  81.6342605  220.2739475  479.8755754  410.1714117
  82.1937631  194.8685312  465.4712958  393.4101384
  82.1937631  194.8685312  465.4712958  393.4101384
  90.3600531  220.4870739  485.6688481  403.8051820
  93.1904410  182.5854131  464.7901496  378.2370154
  93.0811638  196.5629981  473.0873240  387.5821583
  93.0811638  196.5629981  473.0873240  387.5821583
  99.5772375  287.0471838  556.4888203  341.0148498
 104.4931498  112.7996776  429.2169674  327.6238069
 104.4931498  112.7996776  429.2169674  327.6238069
 103.7250035  183.4220009  471.6167020  372.4544123
 103.7250035  183.4220009  471.6167020  372.4544123
 104.3894540  196.7886237  480.3134367  380.6860585
 105.7551994   71.1388801  423.1131850  302.9998617
 138.3232468   58.3016579  413.2960498  279.7364131
 138.3232468   58.3016579  413.2960498  279.7364131
 168.3628929  247.4718115  538.9148590  378.2004881
 206.9875666  279.5618117  569.0710528  391.8484709
 218.7175204  255.6393780  564.0293731  370.2686210
 218.7175204  255.6393780  564.0293731  370.2686210
 224.7607256   78.0456872  434.7274946  439.1819584
  20.6121238  219.7449794  435.0667624  447.9110295
  20.6121238  219.7449794  435.0667624  447.9110295
  28.5153890  206.3931425  432.4188507  435.5514084
  32.6479120  184.4479263  422.3151897  418.5537116
  35.1197113  219.7298892  444.3641471  440.1883170
  39.8283816  193.7486676  432.6526340  421.1656256
  39.4749129   81.8885194  986.3129750  108.6690380
  44.8972385  164.4203901  418.4349990  399.5033869
  50.4391736  194.4693265  444.1790644  411.9586865
  56.5572437  231.1896219  471.4430967  431.8181647
  67.4422362  218.7489737  471.1228038  417.6835016
  71.3847982  193.0467287  458.0608590  399.2926205
  82.4050376  180.8078628  457.1210733  384.4809840
  93.7197915  189.1673367  469.5264213  382.7926460
  97.5046594  206.9653778  482.4283455  391.1898490
  97.5046594  206.9653778  482.4283455  391.1898490
 123.7675951   50.1331277  399.0788338  282.5669543
 123.7675951   50.1331277  399.0788338  282.5669543
 164.4500729  270.6225785  546.4111735  396.5862825
 181.0606608   52.2046217  436.6165729  256.0538533
 181.0606608   52.2046217  436.6165729  256.0538533
 230.0647311  271.6211532  579.3443969  375.4001869
  51.5765589  244.0388020  473.4267439  443.0996513
  53.7018928  214.4974693  458.3030882  424.2958708
 103.4362421  187.8994049  474.9034200  376.3891738
 107.3561581   37.7841414  381.8004171  283.4131475
 166.0973243  234.1763608  528.7112856  370.6672615
 220.8613317  171.2198905  523.1898090  311.8480575
 228.5056993  286.8185916  586.4577790  386.2709967
 228.5056993  286.8185916  586.4577790  386.2709967
  27.8690641  220.1869407  440.3288673  444.8280500
  27.8690641  220.1869407  440.3288673  444.8280500
  41.0771252  185.2497938  427.9946650  414.7064805
  55.8155774  224.3738377  465.4606324  428.7251691
  59.5303581  239.5909773  478.1158194  434.8891516
  60.9888344  213.3442321  463.3114608  417.5779411
  60.9888344  213.3442321  463.3114608  417.5779411
  68.6052165  198.9090647  459.8001283  404.5755670
  70.8383627  237.2883061  483.8884662  426.7802630
  77.2898390  185.3480136  456.9352914  390.9325118
  77.2898390  185.3480136  456.9352914  390.9325118
  87.8059622  184.9239284  463.1133380  383.7097218
  87.8059622  184.9239284  463.1133380  383.7097218
  98.6231196  194.3027363  475.4278316  382.7066896
  98.6231196  194.3027363  475.4278316  382.7066896
 126.9123241   25.3272335  384.7193176  266.9312517
 226.6561448  264.9933961  573.8969459  373.0273932
  56.6420478  197.9994699  450.4733580  411.3494190
  66.1976041  187.8697697  451.6290722  399.0639542
  75.4782336  175.2323266  450.0678264  385.1213837
  83.3177154   39.6873524  415.4536619   69.6720901
 102.4044402  119.6378591  430.9693135  334.9342864
 162.1068909  263.0494459  541.5180410  393.5547509
 174.5727518   57.8048407  436.1932217  262.5850719
 206.4744120   26.1841123  435.4357968  220.8846411
 209.2330154  264.0502327  562.8162323  380.7175784
 222.2429246   62.7176080  107.8308854  389.8116332
  31.1219588   85.7209890  369.3352680  357.4740449
  37.3300265  203.5783118  437.2292897  428.1285380
  63.0786490  226.0866868  472.5990693  424.5064171
  73.9303235  201.1900970  464.2089282  402.9974236
  84.6526891  213.0025111  478.0396895  403.3820677
  84.6526891  213.0025111  478.0396895  403.3820677
 114.8926271   29.8370518  380.8854001  275.6866258
 129.6320717   56.8676865  407.5667679  282.7325539
 182.9502220  242.8056908  571.0780594  386.5775005
 225.0264101  262.4430938  571.4821561  371.9178282
 126.5423770   33.5723334  389.8513202  271.4228220
 227.3618624  111.3949702  145.5409110  282.4293144
 137.3075418   67.7464273  417.9322396  285.0678531
 137.3075418   67.7464273  417.9322396  285.0678531
  37.4971574  203.7163157  437.2292897  428.1285380
  95.9407538   86.6611094  410.1823046  318.3576417
 117.6829815   41.7131157  390.2393457  280.2522223
 119.2376026  162.4905701  468.1029077  349.6918273
 119.2376026  162.4905701  468.1029077  349.6918273
 234.7414069   55.1742504  467.7071170  238.2335975
  61.3318154  170.3951556  436.8323948  391.2906057
 111.2866332  205.9733138  487.8676280  382.2454276
 136.7983946   89.8523669  435.0015679  298.4590833
 158.6101030   74.5003028  437.3548056  280.3477953
  68.4384174   80.5536428  388.5179468  326.9597099
  70.4259908  118.6706020  412.5033289  353.3884025
  70.4259908  118.6706020  412.5033289  353.3884025
 108.6719857   60.5388780  396.3055032  295.8274582
 132.9279113  129.1537016  456.8045113  323.9993334
 132.9279113  129.1537016  456.8045113  323.9993334
 116.0587548  116.3681901  437.7967716  322.5000075
 154.8121125   95.8070764  448.1180778  292.6920701
 103.1594977  138.9713560  444.7623385  345.0672330
  86.6517322  114.8480129  420.6700029  339.9288554
 109.7873390  169.5095478  466.0608279  360.6536306
