 239.1868539   26.0923910  282.0949642  117.4788966
 243.6020611  283.1750522  479.2528650  357.2577681
 244.4186954  241.9065975  479.2528650  357.2577681
 132.0691811   95.1021323  651.6468048  677.1716725
 166.3617081   67.2349234  938.4656400  570.3348902
 238.0513823  277.5586527  283.3284633  143.0177263
 245.3446742   77.6469230   91.1760331  206.9965880
  91.2464280   56.7200855  444.7491873  539.6088148
  97.1498516   60.5710432  444.7491873  539.6088148
 102.4895415   34.1155973  870.1538736  557.3970027
 107.4549047  245.3547718  552.4802818  714.5324439
 120.0318708   64.5856262  518.4178992  314.3121574
 251.0281079   44.1808124  438.7038521  371.3888865
  87.7308851   29.4074976  518.4178992  314.3121574
  47.0259283  216.9535275  104.5423773   23.2086564
 157.0287131  160.9357340  545.9230479  303.0839658
  39.4749129   81.8885194   85.5786919   25.9687044
  51.5765589  244.0388020  477.4887762  274.1769184
  98.0689427   59.7511533  444.7491873  539.6088148
 126.9123241   25.3272335  472.5352946  309.7949038
 211.2545742  219.1841381  270.4855445  381.9077802
  36.7888677  139.3299443  476.9089842  289.8501930
 172.1754269  260.7634893  528.9806630  343.8733136
  36.0520753   99.1736365  477.4887762  274.1769184
  97.7499161  213.1000655  499.7218872  321.6529468
  97.7499161  213.1000655  499.7218872  321.6529468
 112.5679380   83.5632916  507.9652775  269.1016333
 227.3618624  111.3949702  553.7255886  284.7927792
  80.4378572   91.9718095  495.0598437  272.1039468
  86.4542644  239.3778312  496.1375938  332.0008371
 137.3075418   67.7464273  518.9738403  264.0572746
 137.3075418   67.7464273  518.9738403  264.0572746
  35.9334577  139.7533141  476.9089842  289.8501930
  95.9407538   86.6611094  501.9793283  270.3820052
 147.0697763  278.9200439  518.0707210  349.1603237
 151.5597961  113.4234728  523.2539084  282.1186821
 169.5882267  104.3509924  531.0583422  278.4066343
 158.6101030   74.5003028  527.1520555  267.1838934
  68.4384174   80.5536428  490.9955036  267.1906969
  70.4259908  118.6706020  491.4576224  282.2969124
 116.0587548  116.3681901  508.8127776  282.9283224
 154.8121125   95.8070764  525.3519485  275.0851461
 103.1594977  138.9713560  504.0771062  291.0047871
 138.6782672  159.7419404  516.7106227  301.0860868
  86.6517322  114.8480129  497.8353288  281.0911463
 109.7873390  169.5095478  505.1703941  303.9266417
 135.9590356  235.3648012  508.0860037  335.1098547
