  97.8900665  216.9329067  776.9291438  626.1802418
 237.8006373  282.5685365  636.8876085  395.2315029
  49.9854539  130.0937939  368.5946860  566.7387013
  52.0506235  230.9058488  521.6507894  325.5094001
  78.1913095  179.6249037  524.0468335  338.4817322
 166.3617081   67.2349234  652.2900069  250.0586728
 196.2234586   49.0160274   85.3214068  399.5857125
 196.2234586   49.0160274   85.3214068  399.5857125
 215.8326085  280.2634963  611.9904770  402.3110900
 227.1406240  283.5766178  619.5612804  409.6379103
 239.2925476  267.1107623  641.1027427  386.6238744
 240.1203176  248.0870050  641.1027427  386.6238744
 249.9734286   30.2970560  648.7535656  568.5582126
  57.6628899  244.7810915  524.0468335  338.4817322
  58.6529892  219.6085484  530.0878507  317.7036111
  60.4376593  179.7300195  539.6817707  286.8424680
  71.4385420  179.8616269  548.8927613  289.6880941
 166.2768412  152.3653216  520.6678021  221.1597559
 212.6189571   64.7148730  347.4968056   62.2388071
 231.3289230  289.7162905  622.4168122  414.5019693
  53.6650048  233.8239479  522.6369316  328.4834383
  68.3868115   66.9186193   68.8927325  303.2372563
  91.2464280   56.7200855  333.0396946  476.9900133
  97.1498516   60.5710432  333.0396946  476.9900133
 104.9878414   45.3857127  370.0708989  525.0239305
 106.4085509   28.0695870  163.8810590  230.2459620
 163.0438026   66.0874919  333.0396946  476.9900133
 164.9757069  185.6497692  612.3730748  334.8892152
 203.0788590  190.2916880  655.1809342  587.6989797
 241.1098145  270.3731628  642.8867272  390.8594500
 242.0075596  250.9469479  642.8867272  390.8594500
  28.5508758  212.2886990  565.2885182  320.6207608
  55.9453651  240.7587965  522.6369316  328.4834383
  80.9345402  235.5346991  545.9800166  335.5699274
  97.9491606  213.2610785  565.2885182  320.6207608
 142.3985204  275.0393687  589.8665840  378.4685296
 148.2489598  275.2512080  594.4885708  380.4374469
 153.3187749  156.1390701  616.9786925  287.7993892
 167.2038962  211.8388570  834.3441331  495.4476211
 213.1472115  234.0480206  860.6316373  120.9940889
 246.0526193   29.5975095  679.9235868  287.4540261
  49.8618323  235.2837227  518.5852061  328.7471373
  72.1959199  206.3459917  543.7171488  311.5431544
  90.2145137  234.5124861  554.2402232  336.3359203
  93.8968079  201.9944770  272.3592847  175.0253606
  98.2056006  184.6385692  569.5156881  305.5235548
 151.3390069  283.1121336  594.9223839  387.7963904
 185.7734789  181.2623828  834.3441331  495.4476211
  62.4609891  193.7458507  538.4683924  297.6448967
  66.9177162  205.0581365  540.1705874  308.6164073
  66.9177162  205.0581365  540.1705874  308.6164073
  74.3784936  167.9936722  553.8434739  279.7295647
  74.3784936  167.9936722  553.8434739  279.7295647
  81.6342605  220.2739475  548.0817272  322.2658798
  82.1937631  194.8685312  555.2606709  302.8036384
  82.1937631  194.8685312  555.2606709  302.8036384
  82.1485283  205.2730455  552.4626457  311.4793788
  85.4882379  245.2222370  550.1527232  333.5235268
  90.3600531  220.4870739  557.5207656  324.4877447
  93.1904410  182.5854131  567.4301627  295.1730227
  93.0811638  196.5629981  564.3593702  306.2505599
  93.0811638  196.5629981  564.3593702  306.2505599
 103.7250035  183.4220009  576.1884807  297.3144313
 103.7250035  183.4220009  576.1884807  297.3144313
 104.3894540  196.7886237  573.9000510  308.2215584
 104.3894540  196.7886237  573.9000510  308.2215584
 109.9978985  287.3862120  559.8760162  382.1736815
 218.7175204  255.6393780  621.0573679  384.8532050
  67.4422362  218.7489737  537.9279899  319.2463055
  71.3847982  193.0467287  546.2347523  299.7931233
  82.4050376  180.8078628  558.0427271  291.9883290
  93.7197915  189.1673367  566.5772871  300.2901012
  97.5046594  206.9653778  566.9749126  316.0352031
 104.1970634  220.5390144  568.9308918  327.1876865
 104.1970634  220.5390144  568.9308918  327.1876865
 155.6819969  287.6497904  595.5925151  392.5202112
 230.0647311  271.6211532  625.6570961  401.5894799
  51.5765589  244.0388020  517.7861416  335.1795014
 103.4362421  187.8994049  574.3248098  302.2664180
 220.5246497   55.0622496   51.2896039  166.5073143
  59.5303581  239.5909773  526.9682131  334.8488124
  59.5303581  239.5909773  526.9682131  334.8488124
  68.6052165  198.9090647  543.1505649  304.1223854
  70.8383627  237.2883061  537.1558688  335.0903278
  77.2898390  185.3480136  552.6307803  295.0907500
  87.8059622  184.9239284  561.9110578  296.7250534
  87.8059622  184.9239284  561.9110578  296.7250534
  98.6231196  194.3027363  569.5156881  305.5235548
  98.6231196  194.3027363  569.5156881  305.5235548
  99.2855085  239.0116613  561.1413969  341.8709996
 226.6561448  264.9933961  623.9869358  392.2863671
 226.6561448  264.9933961  623.9869358  392.2863671
  56.6420478  197.9994699  532.4773367  299.7299185
  66.1976041  187.8697697  543.1033826  294.3581954
  75.4782336  175.2323266  553.8986899  286.1140093
 102.4044402  119.6378591  586.4813620  245.6178363
 174.5727518   57.8048407  646.0526925  224.2352678
  63.0786490  226.0866868  533.0287088  324.6739900
  73.9303235  201.1900970  546.9311537  306.6643964
  77.7388294  226.6950456  545.4035953  328.4217900
  84.6526891  213.0025111  553.9079510  318.3696769
  84.6526891  213.0025111  553.9079510  318.3696769
 225.0264101  262.4430938  623.9869358  392.2863671
 225.0264101  262.4430938  623.9869358  392.2863671
  97.7499161  213.1000655  566.2441267  320.5990907
  97.7499161  213.1000655  566.2441267  320.5990907
  97.7499161  213.1000655  566.2441267  320.5990907
  80.4378572   91.9718095  573.9967659  219.9017897
  86.4542644  239.3778312  549.7201231  339.8253259
  86.4542644  239.3778312  549.7201231  339.8253259
  95.9407538   86.6611094  588.2954150  220.2155874
 109.6618572  229.0489867  571.4038740  335.5474263
 119.2376026  162.4905701  538.6882681  142.2441281
 147.0697763  278.9200439  592.2499877  382.5048764
 151.5597961  113.4234728  620.8609412  257.9031056
  61.3318154  170.3951556  540.3121214  277.7493058
  92.0367945  254.7736959  552.0193585  353.5190616
 111.2866332  205.9733138  577.0116768  317.5488160
 136.7983946   89.8523669  613.7502124  238.0859076
 158.6101030   74.5003028  631.0678918  232.9239357
  63.4613073  255.2131192  526.7341674  347.9638705
  70.4259908  118.6706020  556.6054765  238.4293073
 115.7001734  248.1150695  572.3558518  351.6196615
 116.0587548  116.3681901  599.0118938  246.4326815
 154.8121125   95.8070764  626.9748459  246.2993160
 103.1594977  138.9713560  583.7727939  261.6915814
 138.6782672  159.7419404  606.7942951  289.0087882
  85.4969972  213.4650270  554.9134174  319.9890919
  86.6517322  114.8480129  576.6312714  239.3496829
 109.7873390  169.5095478  583.4904085  287.4510983
