  44.8809127  229.5155507  832.2201121  405.4152214
  48.7074293  108.6941210  976.6671105  388.4929380
  52.0506235  230.9058488  839.5664058  397.4028917
 196.2234586   49.0160274   85.3151610  399.7557010
 196.2234586   49.0160274   85.3151610  399.7557010
 206.9306463   19.6889300  102.2781393  391.6840613
  44.6954859  254.4968688  840.3575482  417.0418372
  52.2263752  203.6785385  826.9436475  381.4804741
  57.6628899  244.7810915  850.3108393  404.2347819
  58.6529892  219.6085484  839.2564298  387.1512404
  58.6529892  219.6085484  839.2564298  387.1512404
  99.7338469  287.3390845  886.1992233  417.9876656
  31.0261607  180.0429723   28.0091117  412.7546238
  54.0570932  207.3434917  830.5401424  382.3173971
  61.2001910  138.2604231  718.8729292  459.4330673
  68.3868115   66.9186193   58.8721285  350.1715989
  91.2464280   56.7200855   11.4977850  640.6179617
  97.1498516   60.5710432   11.4977850  640.6179617
 161.1859452   52.1337980   61.0325297  314.3928244
 164.9757069  185.6497692  903.0027143  320.1003885
 206.0962091   64.3555346  234.3993232   82.1164107
  28.5508758  212.2886990  810.3953907  397.4349759
  34.7119083  115.9928655  790.8605524  536.6786956
 203.7924969  252.5774191  102.9431983  438.5331491
  62.7934228  230.5372369  864.8142065  395.0720495
  93.8968079  201.9944770  272.6540829  174.6831075
 133.8391001   32.3348079  125.1151834   30.5552671
 140.5995334  114.5408684  731.6367839  169.6169223
 151.3390069  283.1121336  926.6953819  386.6032765
 177.6220169  283.2742319  826.7802981  281.0917222
 178.1437832  195.8881249  261.2393323  370.9221726
 178.7575976   91.1477979  852.6060021  267.8883216
  42.9637775  284.8227770  886.1992233  417.9876656
  44.7728665  254.7489171  840.3575482  417.0418372
  66.9177162  205.0581365  838.7395507  375.0262822
  81.6342605  220.2739475  853.8714947  378.6843757
  82.1937631  194.8685312  842.9673660  361.8757116
  82.1937631  194.8685312  842.9673660  361.8757116
  90.3600531  220.4870739  859.4636026  373.7155715
  93.1904410  182.5854131  844.4853548  350.4359689
  93.0811638  196.5629981  850.3367404  358.6955426
  99.5772375  287.0471838  886.1992233  417.9876656
 104.4931498  112.7996776  382.2361270  471.3130000
 104.3894540  196.7886237  857.1641001  354.6462392
 154.7776864  184.1729534  123.3181382  419.5086152
  20.6121238  219.7449794  808.6396162  404.6730357
  32.6479120  184.4479263  801.1167408  376.8688682
  35.1197113  219.7298892  817.8501483  399.5499260
  39.8283816  193.7486676  809.1068531  382.0937097
  50.4391736  194.4693265  821.8509515  374.2484436
  56.5572437  231.1896219  843.7526782  396.0159596
  71.3847982  193.0467287  835.6835063  365.6016444
  82.4050376  180.8078628  837.0950312  353.4741349
  93.7197915  189.1673367  848.3211057  354.9696389
 123.7675951   50.1331277  797.9518611  262.0123373
 123.7675951   50.1331277  797.9518611  262.0123373
 147.1825512  287.9801200  926.1764301  391.9779379
 155.6819969  287.6497904  931.6235943  388.9047866
  51.5765589  244.0388020  844.2215287  405.8015971
  51.5765589  244.0388020  844.2215287  405.8015971
  53.7018928  214.4974693  832.6422311  387.1324789
 107.3561581   37.7841414  782.6764897  260.2129001
  27.8690641  220.1869407  814.0603681  403.5650639
  59.5303581  239.5909773  849.5158968  399.2144576
  59.5303581  239.5909773  849.5158968  399.2144576
  60.9888344  213.3442321  838.0560868  381.5142761
  60.9888344  213.3442321  838.0560868  381.5142761
  70.8383627  237.2883061  855.9480673  393.3748054
  77.2898390  185.3480136  836.2099606  358.8098889
  77.2898390  185.3480136  836.2099606  358.8098889
  87.8059622  184.9239284  842.5167474  354.3775601
  87.8059622  184.9239284  842.5167474  354.3775601
  98.6231196  194.3027363  853.2773247  355.8782596
  98.6231196  194.3027363  853.2773247  355.8782596
 168.9260907  253.2345431  925.9891838  363.2294452
 202.5409638  253.8487538  925.9891838  363.2294452
  56.6420478  197.9994699  827.5704110  374.4318231
  66.1976041  187.8697697  829.9608490  363.8217927
  75.4782336  175.2323266  830.9433649  352.0880027
 102.4044402  119.6378591  780.1970190  618.9660691
 148.7152609  177.8794445  873.7021082  325.2775019
 162.1068909  263.0494459  925.7153641  370.8458178
  31.1219588   85.7209890  758.9516533  315.3142138
  37.3300265  203.5783118  812.9305334  388.2496979
  63.0786490  226.0866868  846.1300078  389.3980510
  73.9303235  201.1900970  841.1125664  369.6884954
  77.7388294  226.6950456  855.3111244  383.8610570
  84.6526891  213.0025111  853.1582169  372.0585282
  84.6526891  213.0025111  853.1582169  372.0585282
 114.8926271   29.8370518  783.0223700  254.2930101
 129.6320717   56.8676865  805.0898050  263.4779598
 147.0757551  127.5127113  847.6748262  298.8663310
 153.0936638  267.9078415  922.6147381  377.0904838
  72.1560364  135.0449809  810.4392893  329.0050409
  97.7499161  213.1000655  860.7829431  367.5472714
  97.7499161  213.1000655  860.7829431  367.5472714
  73.9085560  135.4781064  810.4392893  329.0050409
 137.3075418   67.7464273  814.3406850  267.0313538
 137.3075418   67.7464273  814.3406850  267.0313538
  37.4971574  203.7163157  812.9305334  388.2496979
 109.6618572  229.0489867  875.2684029  373.4657650
 117.6829815   41.7131157  790.3796171  259.2762595
 147.0697763  278.9200439  922.4674348  385.9224092
 151.5597961  113.4234728  845.4587675  289.9427147
 169.5882267  104.3509924  853.3732767  277.4191483
  61.3318154  170.3951556  815.6807012  356.2603168
 111.2866332  205.9733138  864.8907530  357.5010408
 136.7983946   89.8523669  826.7802981  281.0917222
 136.7983946   89.8523669  826.7802981  281.0917222
 158.6101030   74.5003028  832.7781264  265.0698921
  68.4384174   80.5536428  780.8978161  298.9705775
 108.6719857   60.5388780  792.2164083  271.7928318
 115.7001734  248.1150695  886.6605683  385.1496679
 132.9279113  129.1537016  842.1448321  305.4429862
 116.0587548  116.3681901  827.3748263  298.6504893
 103.1594977  138.9713560  829.3434173  319.8639998
  86.6517322  114.8480129  809.6139478  310.8939652
 135.9590356  235.3648012  893.8615003  367.3967151
