 136.7603054  118.1169836  853.3908921  162.1043525
 155.9715250  115.3377446  289.9158991  191.1796968
 176.0620687   99.1928515  876.9691936  341.0492643
 195.6198103  190.1881199  485.4596370  397.2185661
 196.2234586   49.0160274   85.3085483  399.7818777
 196.2234586   49.0160274   85.3085483  399.7818777
 199.7751992  182.9960210  485.4596370  397.2185661
 206.9306463   19.6889300  102.4749910  391.7402290
 226.1067753  243.6069607  951.7791337  296.7949239
 238.0390440  288.6503347  927.9569805  443.6495239
  71.4385420  179.8616269  784.4431910  411.3189078
  99.7338469  287.3390845  822.9514926  490.9407330
 157.0706172  152.4499929  853.4168434  315.1456428
 176.4135108   99.8672991  876.9691936  341.0492643
 189.9321509  279.1268357  830.0967443  354.2066290
 102.4895415   34.1155973  479.6215210  197.6596032
 120.0318708   64.5856262  833.6287472  442.7986534
 161.1859452   52.1337980  249.8841255  345.2841488
 171.8084448  283.3326792  836.7114285  330.5404543
 206.0962091   64.3555346    9.0898612  242.9968850
 250.5489896   41.2228268  874.2286741  474.0954518
  28.5508758  212.2886990  810.1944180  432.3340842
  35.2690702  177.5529380   98.0201778  441.6459752
  55.9453651  240.7587965  754.9820978  425.9658550
  55.9453651  240.7587965  754.9820978  425.9658550
  74.3179725   27.6138516  715.9251089   24.9403858
  79.6029865   27.6253231  715.9251089   24.9403858
  80.9345402  235.5346991  796.5780764  452.4378770
  97.9491606  213.2610785  810.1944180  432.3340842
  97.9491606  213.2610785  810.1944180  432.3340842
 148.2489598  275.2512080  854.9047584  467.3293536
  33.9307457  191.6685787  227.9605556  259.7342327
  46.2121826  106.1159397  752.8493312  352.0333716
  46.2121826  106.1159397  752.8493312  352.0333716
 155.6148215  107.7416197  856.4266212  345.9522544
 239.8741523  293.9021192  932.6182227  445.5514750
  28.8668249  129.1251034  314.4592391   86.2238538
  46.3088351   99.8830738  752.8648086  346.7743224
  62.4609891  193.7458507  776.3459030  420.5122742
  74.3784936  167.9936722  785.8545977  400.3959494
  81.6342605  220.2739475  795.0808992  440.1469367
  82.1937631  194.8685312  794.8978538  419.6975597
  90.3600531  220.4870739  804.2887564  437.9575122
  93.1904410  182.5854131  804.1046636  409.1004102
  93.0811638  196.5629981  804.5489560  419.5528455
  93.0811638  196.5629981  804.5489560  419.5528455
  99.5772375  287.0471838  822.9514926  490.9407330
 104.4931498  112.7996776  810.3004546  351.5235215
 103.7250035  183.4220009  813.5216832  408.1643032
 104.3894540  196.7886237  814.8610491  417.9725439
  44.8972385  164.4203901  384.9583092  350.0974626
  67.4422362  218.7489737  783.5142432  439.8172053
  71.3847982  193.0467287  785.5490474  420.1392545
  82.4050376  180.8078628  794.1025529  410.2238769
  97.5046594  206.9653778  811.4248685  428.0299241
 123.0916337  125.5977503  827.1218271  359.8701053
 123.7675951   50.1331277  822.6846441  296.1887762
 123.7675951   50.1331277  822.6846441  296.1887762
 155.6829197  175.5081093  433.6522942  353.7683200
 164.3395550   59.1046303  861.8486821  303.9588747
 230.0647311  271.6211532  886.7358883  464.9058854
  73.2635097   62.4372537  775.3380116  313.7290506
 166.0973243  234.1763608  871.4164763  437.9111842
  59.5303581  239.5909773  778.8983896  454.6455275
  70.8383627  237.2883061  787.8393551  453.9424110
  77.2898390  185.3480136  789.8388694  414.4722495
  77.2898390  185.3480136  789.8388694  414.4722495
  87.8059622  184.9239284  799.3618670  412.1394208
  87.8059622  184.9239284  799.3618670  412.1394208
  98.6231196  194.3027363  809.5934706  418.0163735
  98.6231196  194.3027363  809.5934706  418.0163735
  99.2855085  239.0116613  812.7934808  451.6979112
  56.6420478  197.9994699  771.6993655  423.6169279
  66.1976041  187.8697697  780.2603949  416.1253301
  75.4782336  175.2323266  787.4043569  406.7430775
 102.4044402  119.6378591  806.2504980  357.6616659
 148.7152609  177.8794445  853.0790237  396.2570100
 174.5727518   57.8048407  871.3335550  301.7134001
  73.9303235  201.1900970  787.3212439  427.3328174
  77.7388294  226.6950456  792.5434391  445.5139280
  84.6526891  213.0025111  798.4670703  434.3116371
  84.6526891  213.0025111  798.4670703  434.3116371
 114.8926271   29.8370518  812.7756962  277.5244616
 182.9502220  242.8056908  887.0321344  440.0233677
 147.0757551  127.5127113  849.1252515  360.7802967
 151.9048852  248.0460721  859.1634066  448.3217053
  86.4542644  239.3778312  801.0389961  454.1505900
 109.6618572  229.0489867  821.6160025  444.7073434
 117.6829815   41.7131157  815.6142381  289.8265394
 151.5597961  113.4234728  852.0046961  350.7187050
 169.5882267  104.3509924  870.4535320  342.9998898
 111.2866332  205.9733138  821.0673451  425.6978002
 136.7983946   89.8523669  836.7114285  330.5404543
 158.6101030   74.5003028  858.5953592  316.4111382
 115.7001734  248.1150695  827.4763636  454.2153828
 132.9279113  129.1537016  835.9505787  362.5875069
 132.9279113  129.1537016  835.9505787  362.5875069
 116.0587548  116.3681901  820.1460210  353.8159062
 154.8121125   95.8070764  855.8109291  334.8920895
 138.6782672  159.7419404  841.9019572  390.0183906
