 168.9569687  271.5493199  442.2297472  288.8683711
 120.7530358   98.2773819  463.3236422  184.6912997
 186.9251531  106.8677970  570.9777910  164.3636340
 238.0513823  277.5586527  424.9771585  238.0102164
 238.0390440  288.6503347  475.0547926  323.0318972
 239.2925476  267.1107623  474.8664148  294.0966851
 240.1203176  248.0870050  474.8664148  294.0966851
 248.0325617   50.8978407  678.1126038  357.9563944
 248.0325617   50.8978407  678.1126038  357.9563944
  15.1806469  265.2974990  357.3482275  317.0363078
  44.6954859  254.4968688  369.2753201  306.8332741
  51.0613914  220.8600029  393.6193331  265.7055907
  71.4385420  179.8616269  378.8316931  255.9881557
 141.4234888  204.9401600  681.8785326  325.3226512
 189.9321509  279.1268357  438.7905265  320.2876591
 189.9321509  279.1268357  438.7905265  320.2876591
 202.5145270  248.2375310  445.8023855  297.6567382
 202.5145270  248.2375310  445.8023855  297.6567382
 220.5221222  237.9307816  668.0896606  296.8925984
 243.0775027  289.3551666  481.5989971  323.1931085
 245.9716540   69.7487318  282.5464220   67.4856067
  15.0434867   81.8920550  665.0893719  373.4739875
 135.0559189   56.1370067  746.5842354  553.8207689
 151.1466111  213.9102743  571.0286647  340.6604385
 161.1859452   52.1337980  682.1789578  411.9945766
 206.8103869  284.2370177  374.2288629  286.7067136
 226.5190311   65.6792746   84.2583874   48.0410428
 241.1098145  270.3731628  477.8686452  296.4539617
  80.9345402  235.5346991  384.4835380  293.2420566
 103.9308346   31.3368068  303.0951873   85.9154260
  72.1959199  206.3459917  379.0324338  273.0296476
  90.2145137  234.5124861  390.7694025  292.2586816
 162.1332589  104.4743427  699.0222002  295.1044636
 186.4766214  283.0220984  436.9219497  323.0740832
 187.0338024  275.1263798  436.4524079  318.2240727
 218.4917702  261.3467468  457.3886959  305.8606917
 239.8741523  293.9021192  478.1005020  326.4946653
  42.9637775  284.8227770  335.0899830  430.7112956
  44.7728665  254.7489171  369.2753201  306.8332741
  62.4609891  193.7458507  374.4244495  265.4793646
  66.9177162  205.0581365  376.0235104  272.7567253
  74.3784936  167.9936722  380.7276520  246.8680632
  74.3784936  167.9936722  380.7276520  246.8680632
  81.6342605  220.2739475  383.6005322  281.5516431
  82.1937631  194.8685312  385.9837115  264.6158321
  82.1937631  194.8685312  385.9837115  264.6158321
  84.9744362  231.9105352  387.2418462  290.2792629
  85.4882379  245.2222370  387.2418462  290.2792629
  90.3600531  220.4870739  391.4971702  281.5519052
  90.9096284   33.3144111  380.7276520  246.8680632
  93.1904410  182.5854131  393.9729005  256.9466723
  93.0811638  196.5629981  393.6193331  265.7055907
  93.0811638  196.5629981  393.6193331  265.7055907
 103.7250035  183.4220009  401.0338536  256.8358600
 103.7250035  183.4220009  401.0338536  256.8358600
 104.3894540  196.7886237  401.2917609  265.8163307
 168.3628929  247.4718115  445.8023855  297.6567382
 168.3628929  247.4718115  445.8023855  297.6567382
 181.4567601  278.8967444  433.7436316  320.7840753
 218.7175204  255.6393780  457.3701796  301.5681907
  20.6121238  219.7449794  357.9451790  284.8053708
  20.6121238  219.7449794  357.9451790  284.8053708
  28.5153890  206.3931425  362.5931011  275.7194363
  44.8972385  164.4203901  369.5121497  247.9889119
  71.3847982  193.0467287  378.7342032  264.3678762
  82.4050376  180.8078628  386.0712023  256.0987158
  97.5046594  206.9653778  397.4961633  273.4010419
 104.1970634  220.5390144  400.5841192  281.7486242
 123.7675951   50.1331277  411.6715281  163.6743108
 123.7675951   50.1331277  411.6715281  163.6743108
 189.1021330  267.9084129  437.4006860  312.5183913
 189.1021330  267.9084129  437.4006860  312.5183913
 203.1055442  260.7449867  447.6509160  306.6745034
 219.9470627  288.1571436  460.3609791  324.3894245
 230.0647311  271.6211532  467.4922406  311.8494079
 103.4362421  187.8994049  400.5153508  261.4777259
 197.0519009  286.9358804  444.6621802  324.5302828
 198.1700298  271.8305890  444.2086695  315.1378849
 207.0220632  249.3668651  449.8446342  297.5925874
 218.5031807  268.9971708  458.0745170  311.3028087
 220.5246497   55.0622496  449.6675778  159.6984416
 228.5056993  286.8185916  466.9209184  322.5700094
  27.8690641  220.1869407  361.8709453  285.1573611
  55.8155774  224.3738377  374.2288629  286.7067136
  68.6052165  198.9090647  377.2417415  268.4429560
  70.8383627  237.2883061  377.8052908  293.9161081
  77.2898390  185.3480136  382.4944261  259.1073098
  87.8059622  184.9239284  390.0299157  259.0404969
  87.8059622  184.9239284  390.0299157  259.0404969
  97.1236687  221.0327344  395.9692951  282.4897331
  98.6231196  194.3027363  397.4309454  264.5108061
  98.6231196  194.3027363  397.4309454  264.5108061
  99.2855085  239.0116613  397.1603321  294.8277160
  99.2855085  239.0116613  397.1603321  294.8277160
 168.9260907  253.2345431  447.0430422  301.5826825
 202.5409638  253.8487538  447.0430422  301.5826825
 205.8263575  242.4341692  447.2473860  293.3466599
 226.6561448  264.9933961  462.4184077  305.5033548
 226.6561448  264.9933961  462.4184077  305.5033548
  66.1976041  187.8697697  375.6535235  260.9292907
  75.4782336  175.2323266  381.8857682  252.0923811
 102.4044402  119.6378591  440.8376351  154.6665504
 174.5727518   57.8048407  426.5788824  163.8605170
 195.8146056  263.5922364  441.9818332  308.6217075
 210.4505798  204.1187994  200.7150802   22.4673784
 222.2429246   62.7176080  450.6889495  165.7239760
 225.5919470  278.2646013  463.6761400  317.3119231
 225.5919470  278.2646013  463.6761400  317.3119231
  73.9303235  201.1900970  379.9229214  269.6542364
  84.6526891  213.0025111  387.1747902  277.4062426
 114.8926271   29.8370518  408.8382086  148.7480566
 181.9314090  262.2613536  432.8876719  308.7390346
 182.9502220  242.8056908  432.3025095  295.6887313
 182.9502220  242.8056908  442.3291830  294.8975957
 197.7518674  253.8324529  442.7483716  302.9021914
 197.9246175  243.0308950  442.3291830  294.8975957
 225.0264101  262.4430938  462.4184077  305.5033548
 225.0264101  262.4430938  462.4184077  305.5033548
 126.5423770   33.5723334  413.7693143  151.4411781
  86.4542644  239.3778312  678.1126038  357.9563944
 109.6618572  229.0489867  403.8507757  287.9788344
 117.6829815   41.7131157  409.0974007  158.3148539
 189.3635356  278.7850682  439.0366793  320.0974828
 189.3635356  278.7850682  439.0366793  320.0974828
 111.2866332  205.9733138  404.5802727  272.4194717
 132.9279113  129.1537016  411.5637677  219.9510503
 103.1594977  138.9713560  395.7196228  227.5600916
