  87.7668051  179.5693896  679.3162892  274.0679370
 155.9715250  115.3377446  703.2764507  263.9761314
 199.1822789   25.6293690  909.3869608  649.9619709
 200.5653318   24.0085369  909.3869608  649.9619709
 202.8523305   58.2802894  909.3869608  649.9619709
 211.5822686  180.9635641  632.2875929  724.3947315
 160.3371382  279.2822937  739.9649581  366.9817981
 160.3371382  279.2822937  739.9649581  366.9817981
 166.3617081   67.2349234  745.5591217  170.8408777
 173.9722348  279.5956834  754.9880686  368.1895264
 173.9722348  279.5956834  754.9880686  368.1895264
 186.9251531  106.8677970  632.2875929  724.3947315
 215.8326085  280.2634963  796.3989199  366.6566018
 215.8326085  280.2634963  796.3989199  366.6566018
 238.0390440  288.6503347  818.9793719  372.3575937
 240.1203176  248.0870050  820.1802324  334.0539480
 244.2329325  273.2236630  827.2110499  341.9872440
 249.9734286   30.2970560  823.6722756  132.2720245
  40.3619762  180.1328989  642.0539725  281.4902948
  44.6954859  254.4968688  654.6821508  348.4186700
  60.4376593  179.7300195  659.5073507  279.0760079
  93.2458199  182.2850145  685.5093713  275.6721805
 166.2768412  152.3653216  740.4779819  274.8901534
 166.2768412  152.3653216  740.4779819  274.8901534
 167.3746061  259.1519447  748.0848266  349.6502021
 189.9321509  279.1268357  769.7606834  367.6325085
 189.9321509  279.1268357  769.7606834  367.6325085
 202.5145270  248.2375310  781.7611091  338.4249733
 202.5145270  248.2375310  781.7611091  338.4249733
 212.6189571   64.7148730  789.1949669  166.4544161
 218.0325326  125.4691042  799.0762019  185.1300180
  17.0321089  218.3140537  726.6021574  151.4808123
 107.4549047  245.3547718  203.6379252  151.1743810
 161.1859452   52.1337980  740.5507256  153.5901662
 163.0438026   66.0874919  931.5929792  157.0109986
 167.4240229  274.8900658  748.3444407  364.6268215
 171.7693729  275.2414603  752.7117063  364.1428298
 206.8103869  284.2370177  788.0483900  371.7016096
 241.1098145  270.3731628  823.6979086  337.6585502
 242.0075596  250.9469479  823.6979086  337.6585502
  63.0234304  221.6885004  911.5684602  671.9534755
  80.9345402  235.5346991  670.9311993  281.3715856
  97.9491606  213.2610785  691.6768684  304.2404940
 146.5951279  208.2994236  723.7938193  301.9764068
 148.2489598  275.2512080  727.0921529  363.2842040
 151.5644653  148.7410538  729.7011128  245.4587767
 177.1198289  275.2391002  762.0192401  352.7976394
 206.3790254  274.7123018  787.7648293  362.6520967
 208.4243866  194.9688969  723.7938193  301.9764068
 212.8560210  275.8569299  793.2515916  364.6990577
 226.1456496   39.8521156  801.8581747  142.0184989
 225.7496269   45.7555849  791.7367686  136.5161628
 231.8775032   64.3427757  777.2876993  139.3148391
  33.9307457  191.6685787  637.6889043  292.6012143
  35.2255866  127.9633051  631.9406350  233.9658153
  47.0259283  216.9535275  652.8009293  314.3101805
  90.2145137  234.5124861  685.5589637  325.0414229
  91.9292079   80.2042890  678.2246862  181.9806082
  98.2056006  184.6385692  690.3450446  276.8771158
  98.2056006  184.6385692  690.3450446  276.8771158
 144.0394571  282.9625057  723.9357522  369.3706023
 178.7575976   91.1477979  756.4525369  193.4570729
 218.4917702  261.3467468  798.2854550  349.8090339
 239.8741523  293.9021192  822.0335926  376.9902937
  31.3426228  195.6669989  635.7503687  296.4723403
  44.7728665  254.7489171  654.6821508  348.4186700
  46.3088351   99.8830738  640.7376059  208.1686574
  62.4609891  193.7458507  662.5302623  291.8700630
  66.9177162  205.0581365  665.1111306  300.8042879
  82.1937631  194.8685312  675.8227204  288.9960453
  84.9744362  231.9105352  680.6940487  323.1946624
  90.3600531  220.4870739  684.8503312  311.6417092
  90.9096284   33.3144111  674.2805884  140.2177586
  90.9096284   33.3144111  674.2805884  140.2177586
  93.1904410  182.5854131  685.5093713  275.6721805
  93.0811638  196.5629981  685.8854409  289.1756804
 104.4931498  112.7996776  693.3710544  209.9235691
 104.4931498  112.7996776  693.3710544  209.9235691
 103.7250035  183.4220009  695.1808199  275.8386221
 103.7250035  183.4220009  695.1808199  275.8386221
 104.3894540  196.7886237  696.3346440  288.9240015
 109.9978985  287.3862120  695.1805079  372.7237800
 138.3232468   58.3016579  718.7844826  159.4586909
 157.0287131  160.9357340  703.2764507  263.9761314
 165.7909363  140.9547366  740.4779819  274.8901534
 168.3628929  247.4718115  748.3233644  338.2657226
 168.3628929  247.4718115  781.7611091  338.4249733
 181.4567601  278.8967444  762.1256624  367.4349472
 206.9875666  279.5618117  699.8209780  220.3587599
 209.6219806  270.5053652  790.4211185  358.7003656
 218.7175204  255.6393780  798.6172279  344.0714566
 218.7175204  255.6393780  798.6172279  344.0714566
 221.9032391  142.5387606  592.6422182  690.7934905
 242.1246944  229.9082284  821.1612351  318.1242675
  20.6121238  219.7449794  629.4732289  319.7437969
  28.5153890  206.3931425  634.5346007  307.1967511
  32.6479120  184.4479263  636.2024307  286.0012031
  35.1197113  219.7298892  642.1833195  318.5312251
  97.5046594  206.9653778  691.9312230  298.8598932
 104.1970634  220.5390144  697.5307824  311.9722136
 104.1970634  220.5390144  697.5307824  311.9722136
 123.7675951   50.1331277  706.2186458  151.0778271
 147.1825512  287.9801200  726.8628945  374.7248179
 155.6819969  287.6497904  734.0697532  374.2523627
 181.0606608   52.2046217  759.4646058  155.8767517
 181.0606608   52.2046217  759.4646058  155.8767517
 181.8638612  271.5933883  762.0033580  361.2040094
 181.8638612  271.5933883  762.0033580  361.2040094
 189.1021330  267.9084129  768.7714542  356.5538745
 203.1055442  260.7449867  783.1507338  350.3058919
 210.2525068  288.2704203  791.7055206  374.8167402
 219.9470627  288.1571436  801.2333785  374.1133989
 230.0647311  271.6211532  810.1968217  357.9926399
 235.7682560  109.9124160  592.6422182  690.7934905
  51.5765589  244.0388020  550.8289496  582.8710946
 103.4362421  187.8994049  694.8155052  281.5550646
 107.3561581   37.7841414  689.6202948  141.9513998
 166.0973243  234.1763608  744.5075799  325.9957940
 174.2127555  248.5555185  754.7492185  339.9512718
 197.0519009  286.9358804  791.7055206  374.8167402
 198.1700298  271.8305890  777.4431277  361.2844694
 207.0220632  249.3668651  787.4351867  339.5308032
 218.5031807  268.9971708  798.5063666  356.6486209
 220.5246497   55.0622496  796.3852577  155.7978948
 228.5056993  286.8185916  809.4199525  371.8439789
  27.8690641  220.1869407  636.0594300  320.0193770
  41.0771252  185.2497938  643.7728570  286.0653243
  53.7237577  132.3991859  650.6205283  237.1400488
  60.9888344  213.3442321  662.0156140  309.2811663
  60.9888344  213.3442321  662.0156140  309.2811663
  70.8383627  237.2883061  694.4814317  328.5320046
  77.2898390  185.3480136  670.9311993  281.3715856
  77.2898390  185.3480136  670.9311993  281.3715856
  87.8059622  184.9239284  680.0484104  279.6538674
  87.8059622  184.9239284  680.0484104  279.6538674
  98.6231196  194.3027363  691.1543700  287.3339210
  98.6231196  194.3027363  691.1543700  287.3339210
  99.2855085  239.0116613  694.4814317  328.5320046
 169.6218883  164.1772023  919.1838231  527.5819159
 170.7519058  156.0794895  919.1838231  527.5819159
 202.5409638  253.8487538  782.8201344  343.7322124
 205.8263575  242.4341692  785.1596986  333.0217190
 226.6561448  264.9933961  804.9787770  349.7390048
  66.1976041  187.8697697  663.5277656  286.2175802
  75.4782336  175.2323266  668.6986999  272.8780747
 161.4271991  183.9945353  738.2913875  284.1148050
 162.1068909  263.0494459  741.9522035  351.4079090
 162.1068909  263.0494459  741.9522035  351.4079090
 163.5054792  243.0064314  742.1508277  335.2751269
 174.5727518   57.8048407  752.8516970  160.0272795
 195.8146056  263.5922364  775.4182082  352.0698939
 195.8146056  263.5922364  775.4182082  352.0698939
 209.2330154  264.0502327  791.7667899  350.0296408
 222.2429246   62.7176080  798.7262567  163.1520195
 225.5919470  278.2646013  805.1339656  365.0977819
 225.5919470  278.2646013  805.1339656  365.0977819
  84.6526891  213.0025111  679.3550254  305.8782315
 114.8926271   29.8370518  696.4284205  133.0444315
 129.6320717   56.8676865  711.4821463  157.4563185
 181.9314090  262.2613536  762.0192401  352.7976394
 182.9502220  242.8056908  762.4916564  335.3465642
 225.0264101  262.4430938  804.9787770  349.7390048
 153.0936638  267.9078415  733.2180010  355.8999278
 172.1754269  260.7634893  752.3263893  352.3759720
  97.7499161  213.1000655  691.3110387  303.0020631
 151.9048852  248.0460721  730.3915133  338.3679314
  80.4378572   91.9718095  669.7190699  191.7922049
 137.3075418   67.7464273  718.8244493  168.1713060
  95.9407538   86.6611094  682.0415610  187.4343813
 109.6618572  229.0489867  701.3662070  319.4026037
 117.6829815   41.7131157  699.4224979  144.8070378
 135.8794657  210.5885270  716.2175773  298.0666624
 147.0697763  278.9200439  726.4752239  366.3335420
 169.5882267  104.3509924  748.2583107  202.8444300
 111.2866332  205.9733138  700.9785289  297.6342046
 136.7983946   89.8523669  718.5552782  191.1752363
 158.6101030   74.5003028  740.0650110  175.3947778
 116.0587548  116.3681901  702.6919333  212.4740830
 103.1594977  138.9713560  691.1536142  235.8810033
 138.6782672  159.7419404  719.6551096  256.2732291
  86.6517322  114.8480129  680.9308589  211.4551693
