  95.6816478   78.6509718  986.5903283  235.3975722
 176.0620687   99.1928515  986.5903283  235.3975722
 186.9251531  106.8677970  533.5163183  238.1719736
 248.0325617   50.8978407  143.5898688  278.6743083
  44.6954859  254.4968688  922.3351445  364.6437454
  71.4385420  179.8616269  945.9854606  309.0777746
  93.2458199  182.2850145  225.5652824  258.3182351
 169.3759153  181.4859593  281.0249478  186.5124538
 176.4135108   99.8672991  986.5903283  235.3975722
 189.9321509  279.1268357 1017.5128593  416.6180345
 189.9321509  279.1268357 1017.5128593  416.6180345
  31.0261607  180.0429723   28.1772626  413.2553694
  53.6650048  233.8239479  418.4427478  350.8883578
  68.3868115   66.9186193   68.4878299  303.0919847
  97.1498516   60.5710432  525.2767907  513.6921269
 135.0559189   56.1370067   68.4878299  303.0919847
 185.1134372  181.5012967  827.2242301  473.6300357
 226.5616121   23.8618235  338.7409334  464.3279677
  28.5508758  212.2886990  916.8890246  328.6717535
  35.2690702  177.5529380   98.8266745  442.0758674
  80.9345402  235.5346991  943.0684441  353.2003248
 103.9308346   31.3368068  208.4626899  475.3772121
 167.2038962  211.8388570  113.9978704  386.3989169
  98.2056006  184.6385692  387.8591719  431.0247962
 177.6220169  283.2742319 1007.0438813  416.5158972
 178.1437832  195.8881249  261.6035910  374.7420165
 185.7734789  181.2623828  113.9978704  386.3989169
 187.0338024  275.1263798 1015.3991651  414.0125682
  44.7728665  254.7489171  922.3351445  364.6437454
  66.9177162  205.0581365  938.3372916  327.2060244
  74.3784936  167.9936722  950.8343717  298.8398036
  82.1937631  194.8685312  951.9407996  321.2051517
  82.1485283  205.2730455  950.1446075  329.5440244
  90.9096284   33.3144111  992.7099275  200.1053986
  90.9096284   33.3144111  992.7099275  200.1053986
  93.1904410  182.5854131  960.9112603  315.9777606
 104.3894540  196.7886237  965.6463513  329.2852271
 157.0287131  160.9357340  830.1548275  525.2564321
 168.3628929  247.4718115 1006.2503782  386.8415843
 242.1246944  229.9082284  868.2462066  128.9262762
  20.6121238  219.7449794  910.5188469  334.5150534
  20.6121238  219.7449794  910.5188469  334.5150534
  32.6479120  184.4479263  381.9911356  470.9928432
  82.4050376  180.8078628  954.4618275  311.3485503
 104.1970634  220.5390144  961.6675688  347.0524449
 147.1825512  287.9801200  978.6781095  409.9935576
 210.1233721  162.8540984  524.4671749  432.2834830
 166.0973243  234.1763608 1006.4636241  375.5282343
  27.8690641  220.1869407  914.9540712  336.6309644
  53.7237577  132.3991859  941.6040705  268.9084577
  77.2898390  185.3480136  949.4848866  314.1954056
  77.2898390  185.3480136  949.4848866  314.1954056
  87.8059622  184.9239284  957.1243187  316.7143712
  87.8059622  184.9239284  957.1243187  316.7143712
 168.9260907  253.2345431 1005.7216799  391.9782423
 171.5788143  241.5371842 1010.5657834  383.4055942
 202.5409638  253.8487538 1005.7216799  391.9782423
 211.2545742  219.1841381  912.1563879  391.3916804
  75.4782336  175.2323266  949.7691742  305.1126549
  87.3473800  199.5005913  954.6628489  327.0951998
 102.4044402  119.6378591  384.3205721  473.9354162
 148.7152609  177.8794445 1005.4537024  324.3641656
 162.1068909  263.0494459  996.7366175  395.9757448
 162.1068909  263.0494459  996.7366175  395.9757448
 163.5054792  243.0064314 1001.7952267  382.5262381
  31.1219588   85.7209890  937.1712792  230.1067175
  37.3300265  203.5783118  923.6884701  323.4688542
  84.6526891  213.0025111  950.4144608  335.8845994
 153.0936638  267.9078415  988.5204456  397.9616090
  72.1560364  135.0449809  954.9720301  274.6593174
  97.7499161  213.1000655  958.6658721  339.4854243
  97.7499161  213.1000655  958.6658721  339.4854243
 151.9048852  248.0460721  990.3001541  382.4186063
  73.9085560  135.4781064  954.9720301  274.6593174
  80.4378572   91.9718095  968.1692824  245.2129984
  37.4971574  203.7163157  923.6884701  323.4688542
 109.6618572  229.0489867  964.0006382  355.1667038
 111.2866332  205.9733138  968.8787687  338.2704346
  70.4259908  118.6706020  951.0764836  260.7874934
  86.6517322  114.8480129  968.0078299  263.0229022
 109.7873390  169.5095478  972.1139035  308.7645495
