  42.5236293   72.0707860  843.0041148  317.4369207
 112.4553454   49.8046542  161.0005678  230.5186490
 144.9025264  193.6430421  602.9527864  400.6988389
 148.4304272  165.0378309  519.9761979   36.0606399
 155.9715250  115.3377446  605.5423832  242.3893917
 211.5822686  180.9635641  327.6140769  664.1478119
 239.1868539   26.0923910  365.8097739  354.8356756
  23.9223754   69.1280224  368.7572440  405.5207540
  52.0506235  230.9058488  537.9569065  351.8262512
 120.7530358   98.2773819  535.5340891  111.5576046
 160.3371382  279.2822937  586.2138130  399.1654076
 160.3371382  279.2822937  586.2138130  399.1654076
 186.9251531  106.8677970  327.6140769  664.1478119
  52.2263752  203.6785385  534.4863935  328.9807500
  57.6628899  244.7810915  544.7103408  363.9586911
  58.6529892  219.6085484  543.1980294  341.7183735
  60.4376593  179.7300195  540.6920119  308.2858966
  93.2458199  182.2850145  225.5630290  258.2205010
  99.7338469  287.3390845  608.3045558  353.4315416
 125.9429994   39.2196055   24.3605611  377.5300004
 143.3596442   96.9816111  561.4220226  247.3139352
 202.5145270  248.2375310  593.2232755  373.1778228
 202.5145270  248.2375310  593.2232755  373.1778228
  53.6650048  233.8239479  540.0612487  354.6803194
  97.1498516   60.5710432   11.5086782  640.8185834
 104.9878414   45.3857127  389.4633482  122.5910548
 161.1859452   52.1337980   60.7974061  313.3837881
 167.4240229  274.8900658  578.4369683  402.0476493
  34.7119083  115.9928655  602.4307696  194.6648070
  55.9453651  240.7587965  540.0612487  354.6803194
  67.3120437   29.3468073  361.7788379  329.2240050
  74.3179725   27.6138516  389.4633482  122.5910548
 106.8795370  233.7776145   71.4365326   31.2422594
 213.1472115  234.0480206  860.7995031  121.4328748
  33.9307457  191.6685787  228.1221518  259.2248156
  98.2056006  184.6385692  228.1221518  259.2248156
 178.1437832  195.8881249   43.6484168  368.2029095
 178.7575976   91.1477979  585.8962926  244.9635515
  46.3088351   99.8830738  517.5889330  239.0813419
  66.9177162  205.0581365  548.2202481  329.4681022
  99.5772375  287.0471838  608.3045558  353.4315416
 104.4931498  112.7996776  359.4612976  298.3156059
 103.7250035  183.4220009  540.6920119  308.2858966
 105.7551994   71.1388801  614.0108462  253.1140199
 109.9978985  287.3862120  608.3045558  353.4315416
 138.3232468   58.3016579  554.3652759  214.1480303
 138.3232468   58.3016579  554.3652759  214.1480303
 168.3628929  247.4718115  593.2232755  373.1778228
 168.3628929  247.4718115  593.2232755  373.1778228
  28.5153890  206.3931425  512.2946462  330.9693728
  33.4045479  215.2507429  515.6827796  338.7031307
  39.4749129   81.8885194  986.0683678  108.6060735
 155.6829197  175.5081093  575.8779442  320.1608745
 164.3395550   59.1046303  572.1404861  218.4389621
 164.4500729  270.6225785  590.4429583  392.2463308
  51.5765589  244.0388020  537.9752017  362.6266485
  51.5765589  244.0388020  537.9752017  362.6266485
 107.3561581   37.7841414   13.4338600   96.9407961
 228.5056993  286.8185916  608.5820817  409.5068522
  27.8690641  220.1869407  513.0800931  342.3859036
  59.5303581  239.5909773  546.3718143  359.3239144
  59.5303581  239.5909773  546.3718143  359.3239144
  60.9888344  213.3442321  544.7722013  336.4557196
  98.6231196  194.3027363  228.1221518  259.2248156
 168.9260907  253.2345431  593.7722695  378.1805507
 171.5788143  241.5371842  594.8711929  368.5542589
 202.5409638  253.8487538  593.7722695  378.1805507
  56.6420478  197.9994699  538.8732179  323.3650500
  83.3177154   39.6873524   15.1783374  266.9353946
 162.1068909  263.0494459  587.7346190  385.1514956
 162.1068909  263.0494459  587.7346190  385.1514956
 163.5054792  243.0064314  588.3896099  369.6136517
 174.5727518   57.8048407  578.2419150  218.8822055
 206.4744120   26.1841123  356.5842026  189.0799651
  31.1219588   85.7209890  504.6019686  227.7234051
  63.0786490  226.0866868  548.2265550  347.5947408
 169.1538001  278.3614755  595.0001804  398.7807277
 182.9502220  242.8056908  567.6221682  260.5259963
 153.0936638  267.9078415  580.5451105  389.9482123
 172.1754269  260.7634893  595.7052769  384.6838957
  36.0520753   99.1736365  510.6353404  238.7370252
 151.9048852  248.0460721  576.6395778  374.5897758
  35.9334577  139.7533141  511.9179934  274.0830352
 147.0697763  278.9200439  575.6950309  398.5670033
 151.5597961  113.4234728  567.6221682  260.5259963
 169.5882267  104.3509924  580.2018130  254.1905184
 111.2866332  205.9733138  553.2155288  326.0101972
 136.7983946   89.8523669  557.6829437  241.8564606
  60.8591844   54.7779250  528.9461496  198.2988539
 135.9590356  235.3648012  568.5057612  362.9219891
